1000
1 0 1 0
1 0 1000 0
1000 0 1 0
1 70 1 100000
1 70 1000 100000
1000 70 1 100000
1000 70 1000 100000
1 22 1 57986
999 22 999 57986
1 62 2 5056
999 62 998 5056
1 12 3 68111
999 12 997 68111
1 30 4 78714
999 30 996 78714
1 58 5 743
999 58 995 743
1 28 6 74941
999 28 994 74941
1 64 7 26164
999 64 993 26164
1 32 8 40720
999 32 992 40720
1 31 9 1423
999 31 991 1423
1 44 10 36174
999 44 990 36174
2 27 1 30656
998 27 999 30656
2 30 2 89028
998 30 998 89028
2 42 3 3574
998 42 997 3574
2 44 4 65166
998 44 996 65166
2 28 5 5058
998 28 995 5058
2 52 6 56176
998 52 994 56176
2 28 7 52524
998 28 993 52524
2 26 8 98547
998 26 992 98547
2 24 9 45531
998 24 991 45531
2 4 10 98951
998 4 990 98951
3 16 1 82301
997 16 999 82301
3 3 2 6726
997 3 998 6726
3 39 3 37596
997 39 997 37596
3 1 4 81905
997 1 996 81905
3 54 5 24628
997 54 995 24628
3 7 6 63048
997 7 994 63048
3 70 7 59394
997 70 993 59394
3 16 8 6603
997 16 992 6603
3 14 9 56730
997 14 991 56730
3 54 10 16824
997 54 990 16824
4 29 1 24663
996 29 999 24663
4 51 2 88455
996 51 998 88455
4 44 3 51848
996 44 997 51848
4 65 4 58034
996 65 996 58034
4 45 5 54601
996 45 995 54601
4 5 6 27633
996 5 994 27633
4 13 7 73763
996 13 993 73763
4 16 8 60439
996 16 992 60439
4 21 9 83647
996 21 991 83647
4 17 10 51471
996 17 990 51471
5 58 1 11272
995 58 999 11272
5 19 2 95317
995 19 998 95317
5 29 3 4025
995 29 997 4025
5 4 4 35742
995 4 996 35742
5 14 5 83077
995 14 995 83077
5 56 6 86949
995 56 994 86949
5 34 7 28730
995 34 993 28730
5 47 8 87143
995 47 992 87143
5 42 9 59919
995 42 991 59919
5 3 10 33528
995 3 990 33528
6 60 1 26529
994 60 999 26529
6 10 2 78673
994 10 998 78673
6 29 3 58391
994 29 997 58391
6 32 4 22298
994 32 996 22298
6 67 5 19585
994 67 995 19585
6 16 6 81700
994 16 994 81700
6 38 7 42567
994 38 993 42567
6 34 8 67217
994 34 992 67217
6 12 9 62264
994 12 991 62264
6 45 10 27838
994 45 990 27838
7 39 1 3896
993 39 999 3896
7 11 2 27165
993 11 998 27165
7 3 3 81462
993 3 997 81462
7 48 4 77108
993 48 996 77108
7 13 5 87884
993 13 995 87884
7 29 6 86199
993 29 994 86199
7 42 7 53155
993 42 993 53155
7 31 8 88277
993 31 992 88277
7 57 9 86111
993 57 991 86111
7 35 10 77976
993 35 990 77976
8 36 1 30965
992 36 999 30965
8 51 2 74860
992 51 998 74860
8 66 3 45494
992 66 997 45494
8 54 4 2037
992 54 996 2037
8 60 5 82912
992 60 995 82912
8 28 6 66031
992 28 994 66031
8 2 7 15248
992 2 993 15248
8 68 8 1275
992 68 992 1275
8 61 9 43103
992 61 991 43103
8 66 10 28064
992 66 990 28064
9 1 1 60778
991 1 999 60778
9 26 2 47523
991 26 998 47523
9 46 3 38046
991 46 997 38046
9 10 4 50411
991 10 996 50411
9 63 5 18730
991 63 995 18730
9 18 6 9659
991 18 994 9659
9 28 7 9190
991 28 993 9190
9 12 8 28826
991 12 992 28826
9 49 9 74955
991 49 991 74955
9 64 10 55149
991 64 990 55149
10 54 1 79088
990 54 999 79088
10 49 2 15385
990 49 998 15385
10 50 3 90736
990 50 997 90736
10 24 4 58015
990 24 996 58015
10 43 5 56881
990 43 995 56881
10 28 6 65561
990 28 994 65561
10 20 7 37821
990 20 993 37821
10 41 8 88240
990 41 992 88240
10 37 9 69587
990 37 991 69587
10 56 10 52514
990 56 990 52514
545 0 152 0
439 0 748 1
423 0 903 2
280 0 943 3
360 0 190 4
366 0 877 5
407 0 232 6
577 0 124 7
285 0 31 8
345 0 439 9
997 0 735 10
764 1 717 1
702 1 112 2
956 1 16 3
972 1 71 4
527 1 48 5
64 1 61 6
261 1 94 7
411 1 919 8
934 1 217 9
807 1 476 10
153 1 476 11
646 2 771 2
742 2 158 3
265 2 594 4
565 2 464 5
370 2 488 6
549 2 339 7
402 2 236 8
310 2 855 9
364 2 275 10
151 2 773 11
232 2 86 12
489 3 951 3
49 3 945 4
697 3 722 5
287 3 974 6
10 3 147 7
942 3 248 8
977 3 751 9
309 3 136 10
743 3 641 11
552 3 252 12
763 3 1000 13
239 4 643 4
837 4 166 5
605 4 282 6
108 4 554 7
313 4 42 8
313 4 319 9
520 4 23 10
586 4 627 11
609 4 546 12
320 4 857 13
392 4 656 14
809 5 47 5
211 5 898 6
791 5 121 7
440 5 555 8
798 5 860 9
693 5 133 10
514 5 339 11
807 5 708 12
279 5 886 13
676 5 441 14
799 5 622 15
672 6 864 6
728 6 579 7
532 6 634 8
763 6 86 9
306 6 12 10
78 6 207 11
963 6 527 12
851 6 376 13
633 6 822 14
47 6 15 15
165 6 98 16
332 7 672 7
122 7 873 8
127 7 545 9
32 7 315 10
538 7 405 11
370 7 196 12
43 7 626 13
416 7 21 14
28 7 306 15
726 7 827 16
145 7 702 17
723 8 326 8
349 8 454 9
947 8 164 10
781 8 850 11
246 8 851 12
875 8 732 13
526 8 306 14
636 8 732 15
397 8 697 16
923 8 715 17
13 8 148 18
812 9 560 9
758 9 220 10
153 9 990 11
787 9 390 12
329 9 732 13
757 9 834 14
372 9 972 15
639 9 757 16
512 9 540 17
568 9 831 18
567 9 968 19
516 10 166 10
311 10 46 11
963 10 858 12
288 10 608 13
801 10 758 14
874 10 702 15
788 10 118 16
4 10 865 17
506 10 659 18
782 10 865 19
640 10 952 20
337 45 284 94765
480 57 768 64015
668 35 433 81781
880 42 924 41585
510 57 562 17205
504 17 550 97650
746 19 842 69882
814 15 564 65154
666 35 648 1807
864 47 910 55379
974 5 816 52656
854 20 322 28785
486 56 636 70609
480 30 274 94661
160 1 878 82904
162 13 930 39475
582 64 658 91573
668 63 300 26055
882 15 428 99543
876 52 794 25321
673 4 984 64069
894 26 910 25634
802 50 839 81541
746 40 872 72213
678 30 996 26908
704 62 231 24290
966 18 916 63905
900 68 466 26333
318 1 996 42450
800 4 460 75834
390 19 750 47046
960 59 510 89097
730 42 978 31858
868 47 734 23352
295 31 636 89778
530 51 346 31861
984 48 318 56059
290 31 680 225
922 7 128 86490
466 33 252 39449
546 59 356 14124
276 35 610 20322
282 31 120 71366
950 6 848 84387
564 13 792 995
702 42 894 24705
298 15 317 47961
262 27 990 13785
208 42 552 50075
730 0 622 81091
314 19 380 46205
821 26 382 69567
754 25 798 51341
604 55 836 44382
626 64 944 58913
666 17 638 84216
888 50 726 82597
838 17 490 77733
520 52 89 99137
336 65 730 44997
600 45 346 35030
142 7 648 72062
934 70 454 75543
330 16 724 13187
818 49 900 65849
588 61 994 92546
932 64 666 11149
524 33 958 4891
420 60 746 14548
456 41 926 42095
878 69 222 14368
840 52 762 84444
900 23 372 71893
408 47 612 82112
444 58 810 97721
594 44 263 96905
744 23 792 14099
388 41 304 18177
890 0 336 14092
780 44 952 64693
312 23 918 59078
929 2 706 2930
182 59 204 95352
814 56 534 63333
536 47 544 9561
918 49 784 31166
648 8 976 28632
644 33 944 86414
756 55 924 13782
796 35 798 31647
560 48 392 93843
722 45 814 96673
552 25 516 22325
564 16 732 14657
738 29 931 66716
652 36 508 29122
964 7 799 52835
378 33 92 62443
324 28 106 92038
946 11 798 20666
949 68 898 89446
877 60 939 95027
869 63 856 94971
832 63 869 80980
907 60 831 90584
800 62 941 97441
996 61 938 83494
806 61 930 95742
982 70 926 98933
844 64 855 95157
992 56 978 99054
991 68 921 80682
961 59 908 87235
876 60 976 85776
800 56 867 94122
892 67 873 99807
911 67 816 85523
961 67 810 90534
806 59 925 84540
813 70 923 95591
856 59 822 85037
898 60 943 88104
895 66 949 93576
873 65 935 94967
890 58 996 89900
917 63 980 97179
932 69 826 99820
923 64 868 88077
842 61 889 93336
917 66 852 84897
967 61 989 89328
886 64 889 80738
905 68 852 84055
917 56 829 97597
819 69 901 85363
861 62 857 93149
1000 62 858 84731
804 65 833 97137
897 66 983 93272
909 57 805 97507
897 69 912 88843
857 58 962 97835
982 61 916 85750
815 63 840 98801
915 69 947 80165
971 64 867 82320
893 65 831 81405
998 63 967 98321
898 59 901 99312
887 65 944 95480
953 66 975 86396
960 65 911 98784
953 59 839 96670
825 63 871 99171
992 63 869 94048
836 63 999 92125
886 68 837 88993
890 62 859 98136
981 70 888 85474
820 57 828 92713
899 56 982 87098
981 56 910 94707
924 62 860 85387
865 64 801 83827
912 64 849 86556
971 69 873 92921
801 66 934 84496
983 62 968 83727
918 66 946 87700
957 60 973 98411
963 56 822 96084
890 56 836 97353
816 70 885 88052
864 70 975 85839
917 64 828 94287
967 64 893 93052
803 61 992 88799
967 60 926 97055
823 65 811 84788
998 64 957 92908
943 60 949 94595
931 59 858 91981
982 68 804 89328
921 70 984 84392
958 65 830 96472
910 70 820 93016
817 59 878 94789
957 59 894 96766
920 64 961 95256
892 64 995 91865
819 65 896 85320
934 61 999 80399
873 61 911 93170
847 62 934 98993
1000 62 813 88621
995 68 906 90853
983 70 812 89443
904 62 903 97954
874 59 954 89369
970 56 870 92475
961 0 481 32947
702 63 702 28751
923 0 232 79107
558 0 871 76698
917 0 103 75608
410 0 966 6115
571 0 879 41959
105 22 105 43065
327 0 786 40366
251 36 53 78303
912 30 304 46389
552 0 690 22723
857 0 586 10704
323 0 941 45657
589 0 751 25680
578 42 578 31766
865 0 642 22215
333 0 775 60189
876 44 192 16460
567 0 628 95741
985 0 326 94595
538 0 671 8810
418 0 770 39516
891 0 399 34044
778 0 855 22427
487 48 185 4532
573 0 782 56400
844 0 533 70314
649 0 692 65832
325 48 875 16261
364 0 706 88428
655 0 422 78822
191 0 914 5142
849 0 256 69750
797 0 251 18361
558 0 473 74022
873 0 431 73857
759 0 939 12017
485 0 802 74145
302 0 863 30392
903 0 372 12045
110 48 946 68396
817 0 232 61068
318 0 715 53596
846 0 180 77792
637 0 883 91813
949 0 620 19580
865 0 769 55839
743 0 624 52152
891 18 857 3840
651 0 422 77556
482 0 585 41708
360 64 909 58426
602 0 725 5102
83 0 953 56349
27 0 999 83295
431 0 933 49222
276 0 919 846
748 50 969 36565
944 0 698 58460
962 0 675 56130
8 34 8 25847
454 0 872 34413
235 67 440 80621
584 0 513 11677
360 0 813 6639
391 40 782 78668
664 0 514 19646
680 0 505 36238
699 0 843 4474
269 0 854 7589
832 32 484 34174
956 0 846 37388
623 0 766 51310
308 0 727 96014
919 0 709 42826
339 4 339 93155
968 48 726 83493
934 0 446 62124
804 3 804 6176
480 0 799 75597
523 0 789 72605
406 0 815 99669
995 0 695 39627
525 0 840 61997
80 20 695 33946
878 0 359 27120
977 3 977 97156
97 0 934 47878
833 0 348 16387
884 60 146 84227
271 0 972 14717
707 0 497 29235
27 27 346 54384
372 0 997 74274
216 0 953 36210
104 36 542 94335
707 0 521 54919
603 0 408 95920
212 0 942 37661
813 62 813 62157
394 52 394 33627
676 58 676 99258
828 58 828 80123
696 44 696 58561
58 60 58 14938
180 64 180 13925
425 58 425 38812
918 50 918 47409
78 40 78 11211
640 50 640 59421
396 60 396 20756
553 46 553 53763
461 56 461 63666
907 32 907 44059
540 50 540 62330
144 56 144 7305
503 38 503 97773
28 52 28 94598
660 66 660 95353
775 44 775 33962
732 66 732 75619
522 38 522 50262
100 70 100 16978
534 56 534 53205
587 48 587 49725
996 60 996 84230
776 40 776 90695
56 70 56 75661
68 48 68 1531
164 62 164 16032
563 40 563 72334
925 36 925 8352
513 46 513 46845
20 58 20 81906
106 66 106 60213
222 40 222 43774
228 44 228 63513
268 64 268 40928
1000 36 1000 53931
666 54 666 91313
490 70 490 20302
120 64 120 72472
534 44 534 36792
524 48 524 49348
249 70 249 57978
922 56 922 78551
653 70 653 79192
875 42 875 56406
636 46 636 63432
569 38 569 6376
550 36 550 46433
812 40 812 35832
244 60 244 91584
204 42 204 6172
627 32 627 13178
22 50 22 9340
194 36 194 14338
959 64 959 72326
188 50 188 89076
630 48 630 26548
283 68 283 88243
488 36 488 70835
771 70 771 35155
333 60 333 27135
451 64 451 84026
575 50 575 33210
812 36 812 42002
984 56 984 9994
515 70 515 94252
289 56 289 67004
188 70 188 26156
286 36 286 38423
27 64 27 96041
713 42 713 94264
811 38 811 83902
424 50 424 32690
887 66 887 70756
598 32 598 99473
842 40 842 70110
655 64 655 44548
516 42 516 272
658 62 658 58781
738 46 738 76282
231 54 231 50445
178 50 178 93047
453 52 453 18024
294 64 294 83073
799 40 799 90090
44 64 44 93109
279 60 279 75817
536 50 536 49263
627 32 627 18358
239 42 239 92121
978 44 978 21660
644 32 644 24173
828 40 828 28150
552 46 552 80547
641 32 641 38588
488 56 488 85576
624 68 624 56911
999 68 999 14590
999 68 999 88526
823 64 823 66439
555 68 555 30888
915 64 915 2935
530 68 530 77853
403 70 403 8126
942 68 942 62776
460 68 460 47793
444 70 444 49330
281 68 281 31221
244 68 244 7719
827 68 827 64851
822 64 822 33316
950 64 950 45223
918 66 918 78475
731 68 731 38634
479 68 479 65655
747 68 747 17442
896 70 896 40123
591 70 591 89640
673 70 673 73998
717 68 717 2847
886 64 886 63333
811 64 811 44609
655 64 655 87375
379 68 379 29781
677 70 677 74542
380 68 380 10510
366 68 366 95609
548 70 548 23714
545 68 545 35424
257 68 257 50951
701 64 701 20950
997 70 997 26796
599 70 599 97863
748 70 748 21313
536 68 536 27167
280 68 280 58615
631 68 631 7622
496 70 496 9568
811 68 811 88636
357 68 357 37298
791 64 791 50256
678 68 678 12201
947 68 947 76002
684 64 684 22417
830 68 830 59071
328 70 328 16253
951 64 951 76822
287 68 287 20131
607 68 607 27563
561 70 561 59814
811 68 811 83163
421 68 421 59273
499 70 499 96254
490 68 490 45917
397 70 397 68843
704 70 704 20398
605 70 605 55146
378 68 378 43395
854 66 854 60287
593 70 593 98801
375 68 375 24499
898 68 898 83642
913 66 913 96493
969 66 969 47720
995 64 995 75758
986 66 986 4426
550 70 550 925
973 66 973 34520
317 68 317 22653
759 70 759 41203
974 68 974 21615
348 70 348 62683
523 70 523 65903
346 68 346 5761
845 70 845 71979
983 68 983 86814
298 68 298 15266
852 68 852 5475
649 70 649 95805
373 68 373 36333
303 68 303 96011
543 68 543 20157
749 68 749 80584
694 68 694 38337
731 68 731 18377
678 68 678 24280
286 68 286 57253
872 66 872 48979
949 70 949 75430
633 68 633 84050
356 68 356 86234
527 70 527 47998
580 70 580 71076
387 70 387 81904
959 70 959 53944
615 68 615 99496
481 28 163 70393
165 27 700 61614
45 69 5 41455
32 16 590 11524
149 25 739 75074
515 55 628 78537
420 40 131 84863
270 8 385 78638
521 39 96 65613
531 68 674 50075
479 51 897 21477
833 44 613 94871
4 32 226 72715
380 3 22 4476
540 54 719 20850
234 61 12 23447
822 1 991 18478
39 41 417 97794
797 62 622 31357
832 26 677 30464
104 4 865 31155
442 54 659 17228
290 7 717 8622
427 10 688 88246
232 35 895 41104
63 30 922 82385
81 8 164 7478
148 2 366 22213
529 5 938 7610
406 22 368 55312
36 28 260 40017
178 48 486 44828
384 67 960 5334
629 12 300 62908
354 16 620 88838
693 64 128 16268
383 37 635 73251
30 37 478 82954
852 17 908 40267
366 17 452 65478
885 14 955 60637
680 51 607 9459
249 41 261 82522
244 52 603 37221
611 6 903 24082
556 8 318 9878
153 37 38 92974
503 35 708 45174
336 26 919 80176
289 55 427 42748
476 17 63 63187
487 69 144 69933
708 61 979 35479
23 13 135 91551
979 24 688 22301
549 4 534 10634
663 58 156 23954
663 21 289 44560
525 51 578 50349
936 40 206 90699
946 30 649 5396
359 36 937 83688
475 65 308 70130
441 58 760 25227
516 24 962 1153
626 41 616 897
947 30 943 70035
631 41 29 41134
509 40 703 37811
461 1 677 49786
551 20 57 53344
362 36 916 76689
342 11 449 74856
658 21 256 48826
79 43 220 87810
906 32 718 91547
806 15 824 94057
120 60 234 3447
177 27 832 62919
32 46 457 71379
277 11 226 90595
863 13 258 89266
335 5 787 31466
763 29 575 62696
676 28 233 30775
624 63 312 11320
336 53 551 4050
75 7 120 9851
170 22 300 54534
914 1 140 13501
37 65 908 95935
937 12 354 62175
95 61 812 5817
581 3 767 88153
141 2 880 64352
732 12 951 80211
756 41 831 20698
690 66 440 79713
48 2 261 61449
580 62 855 30276
40 26 463 47822
384 70 864 86721
39 10 627 57426
938 27 944 61151
731 18 532 23439
983 6 517 35709
825 49 880 82571
525 24 572 21495
685 9 837 11507
200 53 865 42422
790 44 542 29569
61 61 802 69253
999 27 762 29041
458 55 564 73938
990 64 812 1021
330 50 931 65062
1000 42 347 22543
565 38 300 23680
690 46 803 33298
381 8 222 31022
97 24 705 80101
521 7 451 6782
801 35 225 28278
757 4 555 32645
392 18 59 78756
407 25 41 29058
451 12 913 92418
739 31 938 11011
175 5 977 78089
166 58 300 92747
729 1 528 84205
558 53 100 32517
718 5 827 17897
447 54 854 27395
250 52 64 66682
414 4 504 24873
979 36 482 89692
24 39 142 46940
54 14 768 48743
867 36 534 50418
336 53 382 53036
931 19 93 29631
118 23 456 22929
870 65 327 23302
285 54 269 12725
696 51 170 48696
641 25 785 70689
150 49 258 42759
560 25 89 72335
638 5 621 24003
311 52 530 4263
395 24 287 85925
419 9 737 59004
389 56 390 77153
945 16 11 55318
6 9 887 49553
509 6 686 18110
197 61 998 93793
614 59 765 64791
694 5 129 63102
63 34 486 59189
126 15 428 49289
78 39 247 95932
283 9 845 54286
944 17 67 71238
25 28 473 22584
138 43 529 62527
934 45 604 98937
696 49 589 87326
174 1 987 81471
640 20 884 46337
262 36 341 8921
