69
3
4
80
1000
11
3000
6000
9000
333
99
999
999679
999683
999687
999699
999709
999711
999759
999763
999773
999783
999839
999849
999853
999863
999869
999883
999927
999953
999969
999983
900000
910001
930003
950005
970007
990009
999999
999679
999683
999687
999699
999709
999711
999759
999763
999773
999783
999839
999849
999853
999863
999869
999883
999927
999953
999969
999983
900000
910001
930003
950005
970007
990009
999999
999679
999683
999687
999699
999709
999711
999759
999763
999773
999783
999839
999849
999853
999863
999869
999883
999927
999953
999969
999983
900000
910001
930003
950005
970007
990009
999999
999679
999683
999687
999699
999709
999711
999759
999763
999773
999783
999839
999849
999853
999863
999869
999883
999927
999953
999969
999983
900000
910001
930003
950005
970007
990009
999999
-1
